----------------------------------------------------------------------------
|  Nodo   |     x      |     y_1    |     y_2    |    err_1   |    err_2   |
----------------------------------------------------------------------------
|     0   |  0.000e+00 |  0.000e+00 |  0.000e+00 |  0.000e+00 |  0.000e+00 |
----------------------------------------------------------------------------
|     1   |  1.000e-02 |  2.222e-09 |  6.667e-07 | -5.556e-10 | -5.062e-12 |
----------------------------------------------------------------------------
|     2   |  2.000e-02 |  2.778e-08 |  5.333e-06 | -1.111e-09 | -2.494e-11 |
----------------------------------------------------------------------------
|     3   |  3.000e-02 |  1.367e-07 |  1.800e-05 | -1.667e-09 | -5.962e-11 |
----------------------------------------------------------------------------
|     4   |  4.000e-02 |  4.288e-07 |  4.266e-05 | -2.223e-09 | -1.091e-10 |
----------------------------------------------------------------------------
|     5   |  5.000e-02 |  1.044e-06 |  8.330e-05 | -2.780e-09 | -1.733e-10 |
----------------------------------------------------------------------------
|     6   |  6.000e-02 |  2.163e-06 |  1.439e-04 | -3.338e-09 | -2.523e-10 |
----------------------------------------------------------------------------
|     7   |  7.000e-02 |  4.004e-06 |  2.285e-04 | -3.897e-09 | -3.460e-10 |
----------------------------------------------------------------------------
|     8   |  8.000e-02 |  6.827e-06 |  3.410e-04 | -4.457e-09 | -4.543e-10 |
----------------------------------------------------------------------------
|     9   |  9.000e-02 |  1.093e-05 |  4.854e-04 | -5.019e-09 | -5.772e-10 |
----------------------------------------------------------------------------
|    10   |  1.000e-01 |  1.666e-05 |  6.657e-04 | -5.582e-09 | -7.146e-10 |
----------------------------------------------------------------------------
|    11   |  1.100e-01 |  2.438e-05 |  8.857e-04 | -6.147e-09 | -8.666e-10 |
----------------------------------------------------------------------------
|    12   |  1.200e-01 |  3.452e-05 |  1.150e-03 | -6.715e-09 | -1.033e-09 |
----------------------------------------------------------------------------
|    13   |  1.300e-01 |  4.753e-05 |  1.461e-03 | -7.284e-09 | -1.213e-09 |
----------------------------------------------------------------------------
|    14   |  1.400e-01 |  6.391e-05 |  1.824e-03 | -7.856e-09 | -1.408e-09 |
----------------------------------------------------------------------------
|    15   |  1.500e-01 |  8.419e-05 |  2.242e-03 | -8.431e-09 | -1.617e-09 |
----------------------------------------------------------------------------
|    16   |  1.600e-01 |  1.090e-04 |  2.720e-03 | -9.008e-09 | -1.840e-09 |
----------------------------------------------------------------------------
|    17   |  1.700e-01 |  1.388e-04 |  3.261e-03 | -9.589e-09 | -2.077e-09 |
----------------------------------------------------------------------------
|    18   |  1.800e-01 |  1.744e-04 |  3.869e-03 | -1.017e-08 | -2.328e-09 |
----------------------------------------------------------------------------
|    19   |  1.900e-01 |  2.164e-04 |  4.548e-03 | -1.076e-08 | -2.592e-09 |
----------------------------------------------------------------------------
|    20   |  2.000e-01 |  2.656e-04 |  5.301e-03 | -1.135e-08 | -2.870e-09 |
----------------------------------------------------------------------------
|    21   |  2.100e-01 |  3.227e-04 |  6.133e-03 | -1.195e-08 | -3.161e-09 |
----------------------------------------------------------------------------
|    22   |  2.200e-01 |  3.886e-04 |  7.047e-03 | -1.254e-08 | -3.465e-09 |
----------------------------------------------------------------------------
|    23   |  2.300e-01 |  4.640e-04 |  8.047e-03 | -1.315e-08 | -3.783e-09 |
----------------------------------------------------------------------------
|    24   |  2.400e-01 |  5.498e-04 |  9.137e-03 | -1.375e-08 | -4.113e-09 |
----------------------------------------------------------------------------
|    25   |  2.500e-01 |  6.470e-04 |  1.032e-02 | -1.437e-08 | -4.456e-09 |
----------------------------------------------------------------------------
|    26   |  2.600e-01 |  7.565e-04 |  1.160e-02 | -1.498e-08 | -4.812e-09 |
----------------------------------------------------------------------------
|    27   |  2.700e-01 |  8.793e-04 |  1.298e-02 | -1.560e-08 | -5.180e-09 |
----------------------------------------------------------------------------
|    28   |  2.800e-01 |  1.016e-03 |  1.446e-02 | -1.623e-08 | -5.560e-09 |
----------------------------------------------------------------------------
|    29   |  2.900e-01 |  1.169e-03 |  1.606e-02 | -1.686e-08 | -5.953e-09 |
----------------------------------------------------------------------------
|    30   |  3.000e-01 |  1.338e-03 |  1.776e-02 | -1.750e-08 | -6.357e-09 |
----------------------------------------------------------------------------
|    31   |  3.100e-01 |  1.524e-03 |  1.958e-02 | -1.814e-08 | -6.772e-09 |
----------------------------------------------------------------------------
|    32   |  3.200e-01 |  1.730e-03 |  2.151e-02 | -1.879e-08 | -7.199e-09 |
----------------------------------------------------------------------------
|    33   |  3.300e-01 |  1.955e-03 |  2.357e-02 | -1.944e-08 | -7.637e-09 |
----------------------------------------------------------------------------
|    34   |  3.400e-01 |  2.202e-03 |  2.575e-02 | -2.010e-08 | -8.086e-09 |
----------------------------------------------------------------------------
|    35   |  3.500e-01 |  2.471e-03 |  2.806e-02 | -2.077e-08 | -8.545e-09 |
----------------------------------------------------------------------------
|    36   |  3.600e-01 |  2.763e-03 |  3.050e-02 | -2.144e-08 | -9.015e-09 |
----------------------------------------------------------------------------
|    37   |  3.700e-01 |  3.081e-03 |  3.308e-02 | -2.212e-08 | -9.495e-09 |
----------------------------------------------------------------------------
|    38   |  3.800e-01 |  3.425e-03 |  3.579e-02 | -2.280e-08 | -9.985e-09 |
----------------------------------------------------------------------------
|    39   |  3.900e-01 |  3.797e-03 |  3.865e-02 | -2.349e-08 | -1.049e-08 |
----------------------------------------------------------------------------
|    40   |  4.000e-01 |  4.199e-03 |  4.165e-02 | -2.419e-08 | -1.099e-08 |
----------------------------------------------------------------------------
|    41   |  4.100e-01 |  4.631e-03 |  4.480e-02 | -2.490e-08 | -1.151e-08 |
----------------------------------------------------------------------------
|    42   |  4.200e-01 |  5.095e-03 |  4.810e-02 | -2.561e-08 | -1.204e-08 |
----------------------------------------------------------------------------
|    43   |  4.300e-01 |  5.593e-03 |  5.155e-02 | -2.633e-08 | -1.257e-08 |
----------------------------------------------------------------------------
|    44   |  4.400e-01 |  6.127e-03 |  5.516e-02 | -2.705e-08 | -1.312e-08 |
----------------------------------------------------------------------------
|    45   |  4.500e-01 |  6.697e-03 |  5.892e-02 | -2.779e-08 | -1.367e-08 |
----------------------------------------------------------------------------
|    46   |  4.600e-01 |  7.306e-03 |  6.285e-02 | -2.853e-08 | -1.423e-08 |
----------------------------------------------------------------------------
|    47   |  4.700e-01 |  7.955e-03 |  6.695e-02 | -2.928e-08 | -1.480e-08 |
----------------------------------------------------------------------------
|    48   |  4.800e-01 |  8.645e-03 |  7.121e-02 | -3.004e-08 | -1.537e-08 |
----------------------------------------------------------------------------
|    49   |  4.900e-01 |  9.379e-03 |  7.564e-02 | -3.080e-08 | -1.595e-08 |
----------------------------------------------------------------------------
|    50   |  5.000e-01 |  1.016e-02 |  8.025e-02 | -3.157e-08 | -1.654e-08 |
----------------------------------------------------------------------------
|    51   |  5.100e-01 |  1.098e-02 |  8.503e-02 | -3.235e-08 | -1.713e-08 |
----------------------------------------------------------------------------
|    52   |  5.200e-01 |  1.186e-02 |  8.999e-02 | -3.314e-08 | -1.773e-08 |
----------------------------------------------------------------------------
|    53   |  5.300e-01 |  1.279e-02 |  9.512e-02 | -3.394e-08 | -1.833e-08 |
----------------------------------------------------------------------------
|    54   |  5.400e-01 |  1.376e-02 |  1.004e-01 | -3.474e-08 | -1.894e-08 |
----------------------------------------------------------------------------
|    55   |  5.500e-01 |  1.479e-02 |  1.060e-01 | -3.555e-08 | -1.955e-08 |
----------------------------------------------------------------------------
|    56   |  5.600e-01 |  1.588e-02 |  1.117e-01 | -3.637e-08 | -2.017e-08 |
----------------------------------------------------------------------------
|    57   |  5.700e-01 |  1.703e-02 |  1.175e-01 | -3.720e-08 | -2.079e-08 |
----------------------------------------------------------------------------
|    58   |  5.800e-01 |  1.823e-02 |  1.236e-01 | -3.804e-08 | -2.142e-08 |
----------------------------------------------------------------------------
|    59   |  5.900e-01 |  1.950e-02 |  1.299e-01 | -3.889e-08 | -2.204e-08 |
----------------------------------------------------------------------------
|    60   |  6.000e-01 |  2.083e-02 |  1.364e-01 | -3.974e-08 | -2.267e-08 |
----------------------------------------------------------------------------
|    61   |  6.100e-01 |  2.223e-02 |  1.430e-01 | -4.060e-08 | -2.331e-08 |
----------------------------------------------------------------------------
|    62   |  6.200e-01 |  2.369e-02 |  1.499e-01 | -4.148e-08 | -2.394e-08 |
----------------------------------------------------------------------------
|    63   |  6.300e-01 |  2.523e-02 |  1.570e-01 | -4.235e-08 | -2.458e-08 |
----------------------------------------------------------------------------
|    64   |  6.400e-01 |  2.683e-02 |  1.642e-01 | -4.324e-08 | -2.522e-08 |
----------------------------------------------------------------------------
|    65   |  6.500e-01 |  2.851e-02 |  1.717e-01 | -4.414e-08 | -2.586e-08 |
----------------------------------------------------------------------------
|    66   |  6.600e-01 |  3.027e-02 |  1.794e-01 | -4.504e-08 | -2.650e-08 |
----------------------------------------------------------------------------
|    67   |  6.700e-01 |  3.210e-02 |  1.873e-01 | -4.596e-08 | -2.714e-08 |
----------------------------------------------------------------------------
|    68   |  6.800e-01 |  3.401e-02 |  1.954e-01 | -4.688e-08 | -2.778e-08 |
----------------------------------------------------------------------------
|    69   |  6.900e-01 |  3.601e-02 |  2.037e-01 | -4.781e-08 | -2.842e-08 |
----------------------------------------------------------------------------
|    70   |  7.000e-01 |  3.809e-02 |  2.122e-01 | -4.875e-08 | -2.906e-08 |
----------------------------------------------------------------------------
|    71   |  7.100e-01 |  4.026e-02 |  2.210e-01 | -4.970e-08 | -2.969e-08 |
----------------------------------------------------------------------------
|    72   |  7.200e-01 |  4.251e-02 |  2.300e-01 | -5.065e-08 | -3.033e-08 |
----------------------------------------------------------------------------
|    73   |  7.300e-01 |  4.486e-02 |  2.391e-01 | -5.162e-08 | -3.096e-08 |
----------------------------------------------------------------------------
|    74   |  7.400e-01 |  4.729e-02 |  2.485e-01 | -5.259e-08 | -3.159e-08 |
----------------------------------------------------------------------------
|    75   |  7.500e-01 |  4.983e-02 |  2.581e-01 | -5.357e-08 | -3.221e-08 |
----------------------------------------------------------------------------
|    76   |  7.600e-01 |  5.246e-02 |  2.680e-01 | -5.456e-08 | -3.284e-08 |
----------------------------------------------------------------------------
|    77   |  7.700e-01 |  5.519e-02 |  2.780e-01 | -5.556e-08 | -3.345e-08 |
----------------------------------------------------------------------------
|    78   |  7.800e-01 |  5.802e-02 |  2.883e-01 | -5.656e-08 | -3.407e-08 |
----------------------------------------------------------------------------
|    79   |  7.900e-01 |  6.095e-02 |  2.988e-01 | -5.758e-08 | -3.468e-08 |
----------------------------------------------------------------------------
|    80   |  8.000e-01 |  6.400e-02 |  3.095e-01 | -5.860e-08 | -3.528e-08 |
----------------------------------------------------------------------------
|    81   |  8.100e-01 |  6.715e-02 |  3.205e-01 | -5.962e-08 | -3.588e-08 |
----------------------------------------------------------------------------
|    82   |  8.200e-01 |  7.041e-02 |  3.317e-01 | -6.066e-08 | -3.647e-08 |
----------------------------------------------------------------------------
|    83   |  8.300e-01 |  7.378e-02 |  3.431e-01 | -6.171e-08 | -3.706e-08 |
----------------------------------------------------------------------------
|    84   |  8.400e-01 |  7.727e-02 |  3.547e-01 | -6.276e-08 | -3.763e-08 |
----------------------------------------------------------------------------
|    85   |  8.500e-01 |  8.088e-02 |  3.665e-01 | -6.382e-08 | -3.820e-08 |
----------------------------------------------------------------------------
|    86   |  8.600e-01 |  8.460e-02 |  3.786e-01 | -6.488e-08 | -3.877e-08 |
----------------------------------------------------------------------------
|    87   |  8.700e-01 |  8.845e-02 |  3.909e-01 | -6.596e-08 | -3.932e-08 |
----------------------------------------------------------------------------
|    88   |  8.800e-01 |  9.242e-02 |  4.035e-01 | -6.704e-08 | -3.986e-08 |
----------------------------------------------------------------------------
|    89   |  8.900e-01 |  9.652e-02 |  4.162e-01 | -6.812e-08 | -4.040e-08 |
----------------------------------------------------------------------------
|    90   |  9.000e-01 |  1.007e-01 |  4.292e-01 | -6.922e-08 | -4.093e-08 |
----------------------------------------------------------------------------
|    91   |  9.100e-01 |  1.051e-01 |  4.424e-01 | -7.032e-08 | -4.144e-08 |
----------------------------------------------------------------------------
|    92   |  9.200e-01 |  1.096e-01 |  4.558e-01 | -7.142e-08 | -4.195e-08 |
----------------------------------------------------------------------------
|    93   |  9.300e-01 |  1.142e-01 |  4.695e-01 | -7.254e-08 | -4.244e-08 |
----------------------------------------------------------------------------
|    94   |  9.400e-01 |  1.190e-01 |  4.834e-01 | -7.366e-08 | -4.292e-08 |
----------------------------------------------------------------------------
|    95   |  9.500e-01 |  1.239e-01 |  4.975e-01 | -7.478e-08 | -4.340e-08 |
----------------------------------------------------------------------------
|    96   |  9.600e-01 |  1.289e-01 |  5.118e-01 | -7.591e-08 | -4.385e-08 |
----------------------------------------------------------------------------
|    97   |  9.700e-01 |  1.341e-01 |  5.263e-01 | -7.705e-08 | -4.430e-08 |
----------------------------------------------------------------------------
|    98   |  9.800e-01 |  1.395e-01 |  5.411e-01 | -7.819e-08 | -4.473e-08 |
----------------------------------------------------------------------------
|    99   |  9.900e-01 |  1.449e-01 |  5.561e-01 | -7.933e-08 | -4.515e-08 |
----------------------------------------------------------------------------
|   100   |  1.000e+00 |  1.506e-01 |  5.713e-01 | -8.049e-08 | -4.555e-08 |
----------------------------------------------------------------------------
|   101   |  1.010e+00 |  1.564e-01 |  5.868e-01 | -8.164e-08 | -4.594e-08 |
----------------------------------------------------------------------------
|   102   |  1.020e+00 |  1.623e-01 |  6.024e-01 | -8.280e-08 | -4.632e-08 |
----------------------------------------------------------------------------
|   103   |  1.030e+00 |  1.684e-01 |  6.183e-01 | -8.397e-08 | -4.668e-08 |
----------------------------------------------------------------------------
|   104   |  1.040e+00 |  1.747e-01 |  6.344e-01 | -8.513e-08 | -4.702e-08 |
----------------------------------------------------------------------------
|   105   |  1.050e+00 |  1.811e-01 |  6.507e-01 | -8.631e-08 | -4.735e-08 |
----------------------------------------------------------------------------
|   106   |  1.060e+00 |  1.877e-01 |  6.672e-01 | -8.748e-08 | -4.766e-08 |
----------------------------------------------------------------------------
|   107   |  1.070e+00 |  1.945e-01 |  6.839e-01 | -8.866e-08 | -4.795e-08 |
----------------------------------------------------------------------------
|   108   |  1.080e+00 |  2.014e-01 |  7.008e-01 | -8.984e-08 | -4.823e-08 |
----------------------------------------------------------------------------
|   109   |  1.090e+00 |  2.085e-01 |  7.180e-01 | -9.103e-08 | -4.848e-08 |
----------------------------------------------------------------------------
|   110   |  1.100e+00 |  2.157e-01 |  7.353e-01 | -9.221e-08 | -4.872e-08 |
----------------------------------------------------------------------------
|   111   |  1.110e+00 |  2.232e-01 |  7.529e-01 | -9.340e-08 | -4.894e-08 |
----------------------------------------------------------------------------
|   112   |  1.120e+00 |  2.308e-01 |  7.706e-01 | -9.459e-08 | -4.914e-08 |
----------------------------------------------------------------------------
|   113   |  1.130e+00 |  2.386e-01 |  7.886e-01 | -9.578e-08 | -4.933e-08 |
----------------------------------------------------------------------------
|   114   |  1.140e+00 |  2.466e-01 |  8.067e-01 | -9.698e-08 | -4.949e-08 |
----------------------------------------------------------------------------
|   115   |  1.150e+00 |  2.547e-01 |  8.251e-01 | -9.817e-08 | -4.963e-08 |
----------------------------------------------------------------------------
|   116   |  1.160e+00 |  2.631e-01 |  8.436e-01 | -9.936e-08 | -4.975e-08 |
----------------------------------------------------------------------------
|   117   |  1.170e+00 |  2.716e-01 |  8.623e-01 | -1.006e-07 | -4.984e-08 |
----------------------------------------------------------------------------
|   118   |  1.180e+00 |  2.803e-01 |  8.813e-01 | -1.018e-07 | -4.992e-08 |
----------------------------------------------------------------------------
|   119   |  1.190e+00 |  2.892e-01 |  9.004e-01 | -1.029e-07 | -4.998e-08 |
----------------------------------------------------------------------------
|   120   |  1.200e+00 |  2.983e-01 |  9.197e-01 | -1.041e-07 | -5.001e-08 |
----------------------------------------------------------------------------
|   121   |  1.210e+00 |  3.076e-01 |  9.391e-01 | -1.053e-07 | -5.002e-08 |
----------------------------------------------------------------------------
|   122   |  1.220e+00 |  3.171e-01 |  9.588e-01 | -1.065e-07 | -5.000e-08 |
----------------------------------------------------------------------------
|   123   |  1.230e+00 |  3.268e-01 |  9.786e-01 | -1.077e-07 | -4.996e-08 |
----------------------------------------------------------------------------
|   124   |  1.240e+00 |  3.367e-01 |  9.986e-01 | -1.089e-07 | -4.990e-08 |
----------------------------------------------------------------------------
|   125   |  1.250e+00 |  3.468e-01 |  1.019e+00 | -1.101e-07 | -4.982e-08 |
----------------------------------------------------------------------------
|   126   |  1.260e+00 |  3.571e-01 |  1.039e+00 | -1.113e-07 | -4.971e-08 |
----------------------------------------------------------------------------
|   127   |  1.270e+00 |  3.676e-01 |  1.060e+00 | -1.124e-07 | -4.957e-08 |
----------------------------------------------------------------------------
|   128   |  1.280e+00 |  3.783e-01 |  1.080e+00 | -1.136e-07 | -4.941e-08 |
----------------------------------------------------------------------------
|   129   |  1.290e+00 |  3.892e-01 |  1.101e+00 | -1.148e-07 | -4.922e-08 |
----------------------------------------------------------------------------
|   130   |  1.300e+00 |  4.003e-01 |  1.122e+00 | -1.160e-07 | -4.901e-08 |
----------------------------------------------------------------------------
|   131   |  1.310e+00 |  4.116e-01 |  1.143e+00 | -1.171e-07 | -4.877e-08 |
----------------------------------------------------------------------------
|   132   |  1.320e+00 |  4.231e-01 |  1.165e+00 | -1.183e-07 | -4.850e-08 |
----------------------------------------------------------------------------
|   133   |  1.330e+00 |  4.349e-01 |  1.186e+00 | -1.194e-07 | -4.821e-08 |
----------------------------------------------------------------------------
|   134   |  1.340e+00 |  4.469e-01 |  1.207e+00 | -1.206e-07 | -4.788e-08 |
----------------------------------------------------------------------------
|   135   |  1.350e+00 |  4.590e-01 |  1.229e+00 | -1.217e-07 | -4.754e-08 |
----------------------------------------------------------------------------
|   136   |  1.360e+00 |  4.714e-01 |  1.251e+00 | -1.228e-07 | -4.716e-08 |
----------------------------------------------------------------------------
|   137   |  1.370e+00 |  4.841e-01 |  1.273e+00 | -1.239e-07 | -4.675e-08 |
----------------------------------------------------------------------------
|   138   |  1.380e+00 |  4.969e-01 |  1.295e+00 | -1.251e-07 | -4.632e-08 |
----------------------------------------------------------------------------
|   139   |  1.390e+00 |  5.100e-01 |  1.317e+00 | -1.262e-07 | -4.586e-08 |
----------------------------------------------------------------------------
|   140   |  1.400e+00 |  5.232e-01 |  1.339e+00 | -1.273e-07 | -4.536e-08 |
----------------------------------------------------------------------------
|   141   |  1.410e+00 |  5.368e-01 |  1.362e+00 | -1.284e-07 | -4.484e-08 |
----------------------------------------------------------------------------
|   142   |  1.420e+00 |  5.505e-01 |  1.384e+00 | -1.294e-07 | -4.429e-08 |
----------------------------------------------------------------------------
|   143   |  1.430e+00 |  5.644e-01 |  1.407e+00 | -1.305e-07 | -4.371e-08 |
----------------------------------------------------------------------------
|   144   |  1.440e+00 |  5.786e-01 |  1.430e+00 | -1.316e-07 | -4.310e-08 |
----------------------------------------------------------------------------
|   145   |  1.450e+00 |  5.930e-01 |  1.453e+00 | -1.326e-07 | -4.246e-08 |
----------------------------------------------------------------------------
|   146   |  1.460e+00 |  6.077e-01 |  1.475e+00 | -1.336e-07 | -4.178e-08 |
----------------------------------------------------------------------------
|   147   |  1.470e+00 |  6.225e-01 |  1.498e+00 | -1.347e-07 | -4.108e-08 |
----------------------------------------------------------------------------
|   148   |  1.480e+00 |  6.376e-01 |  1.522e+00 | -1.357e-07 | -4.034e-08 |
----------------------------------------------------------------------------
|   149   |  1.490e+00 |  6.530e-01 |  1.545e+00 | -1.367e-07 | -3.958e-08 |
----------------------------------------------------------------------------
|   150   |  1.500e+00 |  6.685e-01 |  1.568e+00 | -1.377e-07 | -3.878e-08 |
----------------------------------------------------------------------------
|   151   |  1.510e+00 |  6.843e-01 |  1.591e+00 | -1.386e-07 | -3.795e-08 |
----------------------------------------------------------------------------
|   152   |  1.520e+00 |  7.004e-01 |  1.614e+00 | -1.396e-07 | -3.709e-08 |
----------------------------------------------------------------------------
|   153   |  1.530e+00 |  7.166e-01 |  1.638e+00 | -1.405e-07 | -3.619e-08 |
----------------------------------------------------------------------------
|   154   |  1.540e+00 |  7.331e-01 |  1.661e+00 | -1.415e-07 | -3.527e-08 |
----------------------------------------------------------------------------
|   155   |  1.550e+00 |  7.499e-01 |  1.685e+00 | -1.424e-07 | -3.431e-08 |
----------------------------------------------------------------------------
|   156   |  1.560e+00 |  7.668e-01 |  1.708e+00 | -1.433e-07 | -3.332e-08 |
----------------------------------------------------------------------------
|   157   |  1.570e+00 |  7.840e-01 |  1.732e+00 | -1.441e-07 | -3.229e-08 |
----------------------------------------------------------------------------
|   158   |  1.580e+00 |  8.015e-01 |  1.755e+00 | -1.450e-07 | -3.123e-08 |
----------------------------------------------------------------------------
|   159   |  1.590e+00 |  8.191e-01 |  1.779e+00 | -1.458e-07 | -3.014e-08 |
----------------------------------------------------------------------------
|   160   |  1.600e+00 |  8.370e-01 |  1.803e+00 | -1.467e-07 | -2.902e-08 |
----------------------------------------------------------------------------
|   161   |  1.610e+00 |  8.552e-01 |  1.826e+00 | -1.475e-07 | -2.786e-08 |
----------------------------------------------------------------------------
|   162   |  1.620e+00 |  8.736e-01 |  1.850e+00 | -1.483e-07 | -2.667e-08 |
----------------------------------------------------------------------------
|   163   |  1.630e+00 |  8.922e-01 |  1.873e+00 | -1.490e-07 | -2.545e-08 |
----------------------------------------------------------------------------
|   164   |  1.640e+00 |  9.110e-01 |  1.897e+00 | -1.498e-07 | -2.419e-08 |
----------------------------------------------------------------------------
|   165   |  1.650e+00 |  9.301e-01 |  1.921e+00 | -1.505e-07 | -2.290e-08 |
----------------------------------------------------------------------------
|   166   |  1.660e+00 |  9.494e-01 |  1.944e+00 | -1.512e-07 | -2.157e-08 |
----------------------------------------------------------------------------
|   167   |  1.670e+00 |  9.690e-01 |  1.968e+00 | -1.519e-07 | -2.021e-08 |
----------------------------------------------------------------------------
|   168   |  1.680e+00 |  9.888e-01 |  1.991e+00 | -1.525e-07 | -1.882e-08 |
----------------------------------------------------------------------------
|   169   |  1.690e+00 |  1.009e+00 |  2.015e+00 | -1.532e-07 | -1.739e-08 |
----------------------------------------------------------------------------
|   170   |  1.700e+00 |  1.029e+00 |  2.038e+00 | -1.538e-07 | -1.593e-08 |
----------------------------------------------------------------------------
|   171   |  1.710e+00 |  1.050e+00 |  2.062e+00 | -1.543e-07 | -1.444e-08 |
----------------------------------------------------------------------------
|   172   |  1.720e+00 |  1.070e+00 |  2.085e+00 | -1.549e-07 | -1.291e-08 |
----------------------------------------------------------------------------
|   173   |  1.730e+00 |  1.091e+00 |  2.108e+00 | -1.554e-07 | -1.134e-08 |
----------------------------------------------------------------------------
|   174   |  1.740e+00 |  1.112e+00 |  2.132e+00 | -1.560e-07 | -9.748e-09 |
----------------------------------------------------------------------------
|   175   |  1.750e+00 |  1.134e+00 |  2.155e+00 | -1.564e-07 | -8.118e-09 |
----------------------------------------------------------------------------
|   176   |  1.760e+00 |  1.156e+00 |  2.178e+00 | -1.569e-07 | -6.453e-09 |
----------------------------------------------------------------------------
|   177   |  1.770e+00 |  1.177e+00 |  2.201e+00 | -1.573e-07 | -4.755e-09 |
----------------------------------------------------------------------------
|   178   |  1.780e+00 |  1.200e+00 |  2.224e+00 | -1.577e-07 | -3.023e-09 |
----------------------------------------------------------------------------
|   179   |  1.790e+00 |  1.222e+00 |  2.246e+00 | -1.581e-07 | -1.257e-09 |
----------------------------------------------------------------------------
|   180   |  1.800e+00 |  1.245e+00 |  2.269e+00 | -1.584e-07 |  5.426e-10 |
----------------------------------------------------------------------------
|   181   |  1.810e+00 |  1.267e+00 |  2.292e+00 | -1.587e-07 |  2.376e-09 |
----------------------------------------------------------------------------
|   182   |  1.820e+00 |  1.290e+00 |  2.314e+00 | -1.590e-07 |  4.242e-09 |
----------------------------------------------------------------------------
|   183   |  1.830e+00 |  1.314e+00 |  2.336e+00 | -1.593e-07 |  6.142e-09 |
----------------------------------------------------------------------------
|   184   |  1.840e+00 |  1.337e+00 |  2.359e+00 | -1.595e-07 |  8.075e-09 |
----------------------------------------------------------------------------
|   185   |  1.850e+00 |  1.361e+00 |  2.381e+00 | -1.597e-07 |  1.004e-08 |
----------------------------------------------------------------------------
|   186   |  1.860e+00 |  1.385e+00 |  2.402e+00 | -1.598e-07 |  1.204e-08 |
----------------------------------------------------------------------------
|   187   |  1.870e+00 |  1.409e+00 |  2.424e+00 | -1.600e-07 |  1.407e-08 |
----------------------------------------------------------------------------
|   188   |  1.880e+00 |  1.433e+00 |  2.446e+00 | -1.601e-07 |  1.614e-08 |
----------------------------------------------------------------------------
|   189   |  1.890e+00 |  1.458e+00 |  2.467e+00 | -1.601e-07 |  1.823e-08 |
----------------------------------------------------------------------------
|   190   |  1.900e+00 |  1.483e+00 |  2.488e+00 | -1.601e-07 |  2.036e-08 |
----------------------------------------------------------------------------
|   191   |  1.910e+00 |  1.508e+00 |  2.509e+00 | -1.601e-07 |  2.253e-08 |
----------------------------------------------------------------------------
|   192   |  1.920e+00 |  1.533e+00 |  2.530e+00 | -1.601e-07 |  2.472e-08 |
----------------------------------------------------------------------------
|   193   |  1.930e+00 |  1.558e+00 |  2.551e+00 | -1.600e-07 |  2.694e-08 |
----------------------------------------------------------------------------
|   194   |  1.940e+00 |  1.584e+00 |  2.571e+00 | -1.599e-07 |  2.920e-08 |
----------------------------------------------------------------------------
|   195   |  1.950e+00 |  1.610e+00 |  2.592e+00 | -1.597e-07 |  3.149e-08 |
----------------------------------------------------------------------------
|   196   |  1.960e+00 |  1.636e+00 |  2.612e+00 | -1.595e-07 |  3.381e-08 |
----------------------------------------------------------------------------
|   197   |  1.970e+00 |  1.662e+00 |  2.631e+00 | -1.593e-07 |  3.616e-08 |
----------------------------------------------------------------------------
|   198   |  1.980e+00 |  1.688e+00 |  2.651e+00 | -1.590e-07 |  3.854e-08 |
----------------------------------------------------------------------------
|   199   |  1.990e+00 |  1.715e+00 |  2.670e+00 | -1.587e-07 |  4.095e-08 |
----------------------------------------------------------------------------
|   200   |  2.000e+00 |  1.742e+00 |  2.689e+00 | -1.583e-07 |  4.339e-08 |
----------------------------------------------------------------------------
