|     1   |  7.031e-01 |  4.687e-01 || -0.46875   |  4.687e-01 |  7.031e-01 || -3.51562   | 
-------------------------------------
|     2   |  6.399e-01 |  4.442e-01 || -0.707599   |  4.442e-01 |  6.399e-01 || -3.66298   | 
-------------------------------------
|     3   |  6.389e-01 |  5.254e-01 || -0.723761   |  5.254e-01 |  6.389e-01 || -3.68709   | 
-------------------------------------
|     4   |  6.206e-01 |  5.216e-01 || -0.759035   |  5.216e-01 |  6.206e-01 || -3.69138   | 
-------------------------------------
|     5   |  6.195e-01 |  5.361e-01 || -0.761012   |  5.361e-01 |  6.195e-01 || -3.69214   | 
-------------------------------------
|     6   |  6.163e-01 |  5.355e-01 || -0.7674   |  5.355e-01 |  6.163e-01 || -3.69228   | 
-------------------------------------
|     7   |  6.161e-01 |  5.380e-01 || -0.767763   |  5.380e-01 |  6.161e-01 || -3.6923   | 
-------------------------------------
|     8   |  6.155e-01 |  5.379e-01 || -0.768904   |  5.379e-01 |  6.155e-01 || -3.69231   | 
-------------------------------------
|     9   |  6.155e-01 |  5.384e-01 || -0.768968   |  5.384e-01 |  6.155e-01 || -3.69231   | 
-------------------------------------
|    10   |  6.154e-01 |  5.384e-01 || -0.769172   |  5.384e-01 |  6.154e-01 || -3.69231   | 
-------------------------------------
|    11   |  6.154e-01 |  5.384e-01 || -0.769184   |  5.384e-01 |  6.154e-01 || -3.69231   | 
-------------------------------------
|    12   |  6.154e-01 |  5.384e-01 || -0.76922   |  5.384e-01 |  6.154e-01 || -3.69231   | 
-------------------------------------
|    13   |  6.154e-01 |  5.385e-01 || -0.769222   |  5.385e-01 |  6.154e-01 || -3.69231   | 
-------------------------------------
|    14   |  6.154e-01 |  5.385e-01 || -0.769229   |  5.385e-01 |  6.154e-01 || -3.69231   | 
-------------------------------------
|    15   |  6.154e-01 |  5.385e-01 || -0.769229   |  5.385e-01 |  6.154e-01 || -3.69231   | 
-------------------------------------
|    16   |  6.154e-01 |  5.385e-01 || -0.76923   |  5.385e-01 |  6.154e-01 || -3.69231   | 
-------------------------------------
|    17   |  6.154e-01 |  5.385e-01 || -0.769231   |  5.385e-01 |  6.154e-01 || -3.69231   | 
-------------------------------------
|    18   |  6.154e-01 |  5.385e-01 || -0.769231   |  5.385e-01 |  6.154e-01 || -3.69231   | 
-------------------------------------
Gradiente muy próximo a cero 5.385e-01 |  6.154e-01 || -3.69231   | 
-------------------------------------
|    18   |  6.154e-01 |  5.385e-01 || -0.769231   |  5.385e-01 |  6.154e-01 || -3.69231   | 
-------------------------------------
Gradiente muy próximo a cero