############################ 
EJERCICIO 2 - CASO VECTORIAL 
############################ 
Longitud de paso h =  8.000e-02
----------------------------------------------------------------------------
|  Nodo   |     x      |     y_1    |     y_2    |    err_1   |    err_2   |
----------------------------------------------------------------------------
|     0   |  0.000e+00 |  1.000e+00 |  0.000e+00 |  0.000e+00 |  0.000e+00 |
----------------------------------------------------------------------------
|     1   |  8.000e-02 |  1.000e+00 | -7.177e-04 | -4.783e-06 |  4.783e-05 |
----------------------------------------------------------------------------
|     2   |  1.600e-01 |  9.997e-01 | -5.968e-03 | -8.161e-05 |  9.796e-05 |
----------------------------------------------------------------------------
|     3   |  2.400e-01 |  9.985e-01 | -1.998e-02 | -3.162e-04 |  1.648e-04 |
----------------------------------------------------------------------------
|     4   |  3.200e-01 |  9.954e-01 | -4.641e-02 | -7.822e-04 |  2.763e-04 |
----------------------------------------------------------------------------
|     5   |  4.000e-01 |  9.894e-01 | -8.811e-02 | -1.535e-03 |  4.715e-04 |
----------------------------------------------------------------------------
|     6   |  4.800e-01 |  9.790e-01 | -1.469e-01 | -2.608e-03 |  7.981e-04 |
----------------------------------------------------------------------------
|     7   |  5.600e-01 |  9.628e-01 | -2.235e-01 | -4.008e-03 |  1.309e-03 |
----------------------------------------------------------------------------
|     8   |  6.400e-01 |  9.394e-01 | -3.174e-01 | -5.712e-03 |  2.057e-03 |
----------------------------------------------------------------------------
|     9   |  7.200e-01 |  9.076e-01 | -4.269e-01 | -7.671e-03 |  3.094e-03 |
----------------------------------------------------------------------------
|    10   |  8.000e-01 |  8.662e-01 | -5.493e-01 | -9.808e-03 |  4.462e-03 |
----------------------------------------------------------------------------
|    11   |  8.800e-01 |  8.144e-01 | -6.806e-01 | -1.202e-02 |  6.194e-03 |
----------------------------------------------------------------------------
|    12   |  9.600e-01 |  7.518e-01 | -8.163e-01 | -1.420e-02 |  8.306e-03 |
----------------------------------------------------------------------------

