
--------------------------------------------------
|  Nodo   |     x      |      y     |    err     |
--------------------------------------------------
|     0   |  2.000e+00 |  1.000e+00 |  0.000e+00 |
--------------------------------------------------
|     1   |  2.010e+00 |  9.794e-01 | -4.052e-02 |
--------------------------------------------------
|     2   |  2.020e+00 |  9.581e-01 | -8.151e-02 |
--------------------------------------------------
|     3   |  2.030e+00 |  9.361e-01 | -1.230e-01 |
--------------------------------------------------
|     4   |  2.040e+00 |  9.134e-01 | -1.650e-01 |
--------------------------------------------------
|     5   |  2.050e+00 |  8.900e-01 | -2.076e-01 |
--------------------------------------------------
|     6   |  2.060e+00 |  8.657e-01 | -2.509e-01 |
--------------------------------------------------
|     7   |  2.070e+00 |  8.406e-01 | -2.948e-01 |
--------------------------------------------------
|     8   |  2.080e+00 |  8.146e-01 | -3.395e-01 |
--------------------------------------------------
|     9   |  2.090e+00 |  7.876e-01 | -3.849e-01 |
--------------------------------------------------
|    10   |  2.100e+00 |  7.597e-01 | -4.312e-01 |
--------------------------------------------------
|    11   |  2.110e+00 |  7.306e-01 | -4.785e-01 |
--------------------------------------------------
|    12   |  2.120e+00 |  7.005e-01 | -5.266e-01 |
--------------------------------------------------
|    13   |  2.130e+00 |  6.692e-01 | -5.759e-01 |
--------------------------------------------------
|    14   |  2.140e+00 |  6.366e-01 | -6.263e-01 |
--------------------------------------------------
|    15   |  2.150e+00 |  6.026e-01 | -6.778e-01 |
--------------------------------------------------
|    16   |  2.160e+00 |  5.672e-01 | -7.307e-01 |
--------------------------------------------------
|    17   |  2.170e+00 |  5.304e-01 | -7.849e-01 |
--------------------------------------------------
|    18   |  2.180e+00 |  4.919e-01 | -8.407e-01 |
--------------------------------------------------
|    19   |  2.190e+00 |  4.516e-01 | -8.980e-01 |
--------------------------------------------------
|    20   |  2.200e+00 |  4.096e-01 | -9.571e-01 |
--------------------------------------------------
|    21   |  2.210e+00 |  3.656e-01 | -1.018e+00 |
--------------------------------------------------
|    22   |  2.220e+00 |  3.194e-01 | -1.081e+00 |
--------------------------------------------------
|    23   |  2.230e+00 |  2.711e-01 | -1.146e+00 |
--------------------------------------------------
|    24   |  2.240e+00 |  2.203e-01 | -1.213e+00 |
--------------------------------------------------
|    25   |  2.250e+00 |  1.669e-01 | -1.283e+00 |
--------------------------------------------------
|    26   |  2.260e+00 |  1.107e-01 | -1.356e+00 |
--------------------------------------------------
|    27   |  2.270e+00 |  5.147e-02 | -1.431e+00 |
--------------------------------------------------
|    28   |  2.280e+00 | -1.102e-02 | -1.510e+00 |
--------------------------------------------------
|    29   |  2.290e+00 | -7.705e-02 | -1.592e+00 |
--------------------------------------------------
|    30   |  2.300e+00 | -1.469e-01 | -1.678e+00 |
--------------------------------------------------
|    31   |  2.310e+00 | -2.210e-01 | -1.768e+00 |
--------------------------------------------------
|    32   |  2.320e+00 | -2.996e-01 | -1.862e+00 |
--------------------------------------------------
|    33   |  2.330e+00 | -3.832e-01 | -1.961e+00 |
--------------------------------------------------
|    34   |  2.340e+00 | -4.723e-01 | -2.066e+00 |
--------------------------------------------------
|    35   |  2.350e+00 | -5.674e-01 | -2.177e+00 |
--------------------------------------------------
|    36   |  2.360e+00 | -6.692e-01 | -2.294e+00 |
--------------------------------------------------
|    37   |  2.370e+00 | -7.783e-01 | -2.418e+00 |
--------------------------------------------------
|    38   |  2.380e+00 | -8.956e-01 | -2.551e+00 |
--------------------------------------------------
|    39   |  2.390e+00 | -1.022e+00 | -2.693e+00 |
--------------------------------------------------
|    40   |  2.400e+00 | -1.159e+00 | -2.844e+00 |
--------------------------------------------------
|    41   |  2.410e+00 | -1.307e+00 | -3.008e+00 |
--------------------------------------------------
|    42   |  2.420e+00 | -1.468e+00 | -3.184e+00 |
--------------------------------------------------
|    43   |  2.430e+00 | -1.644e+00 | -3.375e+00 |
--------------------------------------------------
|    44   |  2.440e+00 | -1.837e+00 | -3.582e+00 |
--------------------------------------------------
|    45   |  2.450e+00 | -2.049e+00 | -3.810e+00 |
--------------------------------------------------
|    46   |  2.460e+00 | -2.284e+00 | -4.059e+00 |
--------------------------------------------------
|    47   |  2.470e+00 | -2.546e+00 | -4.336e+00 |
--------------------------------------------------
|    48   |  2.480e+00 | -2.839e+00 | -4.643e+00 |
--------------------------------------------------
|    49   |  2.490e+00 | -3.169e+00 | -4.988e+00 |
--------------------------------------------------
|    50   |  2.500e+00 | -3.545e+00 | -5.378e+00 |
--------------------------------------------------
|    51   |  2.510e+00 | -3.975e+00 | -5.823e+00 |
--------------------------------------------------
|    52   |  2.520e+00 | -4.474e+00 | -6.336e+00 |
--------------------------------------------------
|    53   |  2.530e+00 | -5.060e+00 | -6.937e+00 |
--------------------------------------------------
|    54   |  2.540e+00 | -5.759e+00 | -7.650e+00 |
--------------------------------------------------
|    55   |  2.550e+00 | -6.608e+00 | -8.513e+00 |
--------------------------------------------------
|    56   |  2.560e+00 | -7.663e+00 | -9.582e+00 |
--------------------------------------------------
|    57   |  2.570e+00 | -9.015e+00 | -1.095e+01 |
--------------------------------------------------
|    58   |  2.580e+00 | -1.082e+01 | -1.277e+01 |
--------------------------------------------------
|    59   |  2.590e+00 | -1.338e+01 | -1.534e+01 |
--------------------------------------------------
|    60   |  2.600e+00 | -1.739e+01 | -1.936e+01 |
--------------------------------------------------
|    61   |  2.610e+00 | -2.504e+01 | -2.703e+01 |
--------------------------------------------------
|    62   |  2.620e+00 | -4.738e+01 | -4.938e+01 |
--------------------------------------------------
|    63   |  2.630e+00 | -4.737e+01 | -4.939e+01 |
--------------------------------------------------
|    64   |  2.640e+00 | -4.736e+01 | -4.939e+01 |
--------------------------------------------------
|    65   |  2.650e+00 | -4.735e+01 | -4.939e+01 |
--------------------------------------------------
|    66   |  2.660e+00 | -4.734e+01 | -4.940e+01 |
--------------------------------------------------
|    67   |  2.670e+00 | -4.733e+01 | -4.940e+01 |
--------------------------------------------------
|    68   |  2.680e+00 | -4.732e+01 | -4.940e+01 |
--------------------------------------------------
|    69   |  2.690e+00 | -4.731e+01 | -4.941e+01 |
--------------------------------------------------
|    70   |  2.700e+00 | -4.730e+01 | -4.941e+01 |
--------------------------------------------------
|    71   |  2.710e+00 | -4.729e+01 | -4.942e+01 |
--------------------------------------------------
|    72   |  2.720e+00 | -4.728e+01 | -4.942e+01 |
--------------------------------------------------
|    73   |  2.730e+00 | -4.727e+01 | -4.942e+01 |
--------------------------------------------------
|    74   |  2.740e+00 | -4.726e+01 | -4.943e+01 |
--------------------------------------------------
|    75   |  2.750e+00 | -4.725e+01 | -4.943e+01 |
--------------------------------------------------
|    76   |  2.760e+00 | -4.724e+01 | -4.943e+01 |
--------------------------------------------------
|    77   |  2.770e+00 | -4.723e+01 | -4.944e+01 |
--------------------------------------------------
|    78   |  2.780e+00 | -4.722e+01 | -4.944e+01 |
--------------------------------------------------
|    79   |  2.790e+00 | -4.721e+01 | -4.944e+01 |
--------------------------------------------------
|    80   |  2.800e+00 | -4.720e+01 | -4.945e+01 |
--------------------------------------------------
|    81   |  2.810e+00 | -4.719e+01 | -4.945e+01 |
--------------------------------------------------
|    82   |  2.820e+00 | -4.718e+01 | -4.945e+01 |
--------------------------------------------------
|    83   |  2.830e+00 | -4.717e+01 | -4.945e+01 |
--------------------------------------------------
|    84   |  2.840e+00 | -4.716e+01 | -4.946e+01 |
--------------------------------------------------
|    85   |  2.850e+00 | -4.715e+01 | -4.946e+01 |
--------------------------------------------------
|    86   |  2.860e+00 | -4.714e+01 | -4.946e+01 |
--------------------------------------------------
|    87   |  2.870e+00 | -4.713e+01 | -4.947e+01 |
--------------------------------------------------
|    88   |  2.880e+00 | -4.712e+01 | -4.947e+01 |
--------------------------------------------------
|    89   |  2.890e+00 | -4.711e+01 | -4.947e+01 |
--------------------------------------------------
|    90   |  2.900e+00 | -4.710e+01 | -4.947e+01 |
--------------------------------------------------
|    91   |  2.910e+00 | -4.709e+01 | -4.948e+01 |
--------------------------------------------------
|    92   |  2.920e+00 | -4.708e+01 | -4.948e+01 |
--------------------------------------------------
|    93   |  2.930e+00 | -4.707e+01 | -4.948e+01 |
--------------------------------------------------
|    94   |  2.940e+00 | -4.706e+01 | -4.949e+01 |
--------------------------------------------------
|    95   |  2.950e+00 | -4.705e+01 | -4.949e+01 |
--------------------------------------------------
|    96   |  2.960e+00 | -4.704e+01 | -4.949e+01 |
--------------------------------------------------
|    97   |  2.970e+00 | -4.703e+01 | -4.949e+01 |
--------------------------------------------------
|    98   |  2.980e+00 | -4.702e+01 | -4.949e+01 |
--------------------------------------------------
|    99   |  2.990e+00 | -4.701e+01 | -4.950e+01 |
--------------------------------------------------
|   100   |  3.000e+00 | -4.700e+01 | -4.950e+01 |
--------------------------------------------------
